14.13, 72.44, 15.88, 172.99, 12.09, 27.12, 33.54, 2.06, 15.44,
       18.47, 3.36, 277.13, 52.06, 32.94, 16.93, 530.23, 93.26, 206.75,
       61.85, 40.18, 191.00, 52.64, 103.91, 3.80, 176.73, 39.95, 122.42,
       81.39, 16.82, 186.34, 80.35, 58.05, 61.29, 78.92, 25.94, 157.73,
       173.71, 0.01, 285.16, 71.79, 46.47, 6.89, 58.47, 13.37, 1.76,
       178.45, 5.16, 83.04, 103.39, 81.17, 52.30, 43.64, 41.39, 155.77,
       14.74, 69.49, 109.07, 0.17, 6.79, 29.46, 332.77, 166.13, 195.60,
       9.03, 54.93, 28.60, 59.81, 125.21, 60.01, 130.85, 169.68, 159.66,
       31.70, 1.06, 1.36, 69.96, 147.03, 4.76, 241.95, 209.30, 12.48,
       68.60, 24.99, 115.81, 46.80, 28.25, 2.45, 14.21, 3.29, 214.66,
       62.41, 76.23, 50.36, 5.89, 51.82, 132.90, 117.41, 79.46, 90.07,
       66.32, 220.67, 58.76, 43.15, 26.57, 7.22, 108.10, 28.20, 61.02,
       116.11, 22.60, 20.50, 112.86, 67.83, 29.10, 108.81, 0.09, 38.18,
       19.98, 14.97, 89.26, 50.85, 30.37, 77.75, 84.48, 33.22, 117.84,
       170.60, 251.26, 102.29, 3.61, 146.19, 195.96, 86.77, 148.24,
       160.84, 67.53, 30.55, 84.08, 164.40, 9.06, 233.54, 79.64, 25.22,
       139.04, 137.02, 159.92, 132.94, 78.39, 89.70, 229.00, 201.45,
       280.43, 443.47, 87.72, 0.56, 125.32, 40.95, 100.94, 428.23, 35.50,
       167.92, 86.60, 18.62, 6.86, 68.98, 37.44, 57.36, 138.01, 24.34,
       122.43, 313.19, 87.74, 37.07, 2.67, 225.85, 71.65, 21.50, 15.20,
       135.03, 2.04, 15.14, 75.56, 4.50, 66.56, 278.15, 46.94, 189.54,
       87.04, 219.92, 60.14, 1.79, 231.79, 393.63, 2.51, 20.97, 28.14,
       117.95, 24.53, 4.65, 57.91