1
2
4
5
7
11
12
13
14
15
16
17
19
21
22
23
24
28
31
32
35
39
40
41
43
44
45
46
47
48
50
51
52
54
55
56
57
58
59
61
62
64
65
66
67
68
69
71
73
74
75
76
77
78
81
82
84
85
86
87
88
89
90
91
94
95
97
101
102
103
104
107
108
109
110
112
115
117
118
119
120
121
122
123
124
125
127
128
129
132
134
135
137
138
139
140
142
143
146
148
149
150
151
154
155
157
159
160
161
162
164
165
166
167
168
170
171
172
173
174
175
176
177
178
179
180
181
182
183
184
187
188
190
191
192
193
194
195
198
201
202
204
205
206
207
209
212
214
215
217
222
223
224
225
226
227
228
230
231
233
234
235
236
237
241
243
244
245
247
249
250
251
252
254
261
262
263
264
265
266
267
269
272
273
274
275
280
282
283
284
285
286
287
289
291
293
294
297
298
302
303
304
305
306
307
309
310
311
312
313
316
317
318
319
321
325
326
328
329
331
334
335
337
339
340
341
342
343
344
345
348
349
350
353
357
358
359
360
361
363
366
367
368
369
371
372
373
374
375
377
378
383
384
385
387
388
390
392
393
395
397
399
401
402
404
408
409
414
415
416
418
419
420
425
426
428
429
430
432
433
434
435
438
440
441
442
443
444
445
446
448
449
452
453
454
456
458
459
460
461
462
463
464
465
466
467
468
469
470
472
473
475
477
478
479
480
481
482
484
485
487
488
489
491
492
493
494
498
500
502
503
504
506